0 SW 0 0 0 OHE_32 0 0
1 SW 0 6 0 CS-103 0 0
2 BR 0 9 0 CS-1 0 0
3 SW 0 13 0 CS-101 0 0
4 SW 5 9 0 CS-105 1 1
5 SW 5 20 3 CS-113 0 0
6 BR 8 20 3 CS-11 0 0
7 SW 12 20 3 CS-111 0 0
8 SW 21 20 3 CS-121 0 0
9 BR 24 20 3 CS-12 0 0
10 SW 28 20 3 CS-123 0 0
11 SW 37 20 3 CS-131 0 0
12 BR 40 20 3 CS-13 0 0
13 SW 44 20 3 CS-133 0 0
14 SW 5 30 3 CS-213 0 0
15 BR 8 30 3 CS-21 0 0
16 SW 12 30 3 CS-211 0 0
17 SW 21 30 3 CS-221 0 0
18 BR 24 30 3 CS-22 0 0
19 SW 28 30 3 CS-223 0 0
20 SW 37 30 3 CS-231 0 0
21 BR 40 30 3 CS-23 0 0
22 SW 44 30 3 CS-233 0 0
23 SW 49 0 0 KPD_42 0 0
24 SW 49 6 0 CS-203 0 0
25 BR 49 9 0 CS-2 0 0
26 SW 49 13 2 CS-201 0 0
27 SW 44 9 2 CS-205 1 1
28 PS -3 -10 0 ORG 0 0
29 ND 1 21 0 ND1 0 0
30 PS 46 -10 0 KEN 0 0
31 ND 50 21 0 ND2 0 0
32 ND 50 17 0 ND3 0 0
33 ND 50 4 0 ND4 0 0
34 ND 17 21 0 ND5 0 0
35 SW -15 15 2 SPF-load 0 0
36 BR -15 9 2 SPF-1 1 1
37 SW -15 4 2 SPF-Line 1 1
38 ND 1 4 0 ND6 0 0
39 ND 1 17 0 ND7 0 0
40 ND 17 31 0 ND8 0 0
41 ND -60 27 0 ND9 0 0
42 ND -60 36 0 ND10 0 0
43 ND -58 36 0 ND11 0 0
44 SW -56 35 3 DD-201 1 1
45 BR -52 35 3 DD-2 1 1
46 SW -47 35 3 DD-203 1 1
47 SW -51 31 3 DD-205 0 0
48 ND -40 36 1 ND12 0 0
49 SW -35 35 3 DD-303 1 1
50 BR -31 35 3 DD-3 1 1
51 SW -26 35 3 DD-301 1 1
52 SW -30 31 3 DD-305 0 0
53 ND -37 36 0 ND13 0 0
54 ND -22 36 1 ND14 0 0
55 ND -40 40 0 ND15 0 0
56 SW -41 44 2 DD-103 1 1
57 BR -41 48 2 DD-1 0 0
58 SW -41 53 2 DD-101 1 1
59 SW -37 48 2 DD-105 1 1
60 ND -40 58 0 ND16 0 0
#
28 0
38 0
1 38
2 1
3 2
4 38
3 4
39 3
39 29
14 29
5 29
6 5
7 6
8 34
34 7
9 8
10 9
11 10
12 11
13 12
15 14
16 15
17 16
18 17
19 18
20 19
21 20
22 21
31 13
26 31
32 31
27 32
30 23
33 23
33 27
24 33
31 22
35 34
36 35
37 36
41 40
42 41
43 42
44 43
47 43
45 44
46 45
48 46
48 47
53 48
52 53
49 53
50 49
51 50
54 52
55 48
55 56
55 59
56 57
57 58
60 59
58 60
